0_22G1.jpg 22G1  [0.9998] 1.0,0.9999,0.9999,1.0
0_MRKU4355384_201709220105101.jpg MAEU4355384  [0.5217] 0.9998,0.5385,0.9694,1.0,0.9996,1.0,1.0,1.0,1.0,1.0,0.9999
0_NYKU4283778_1.jpg NYKU4283778  [0.9765] 0.9923,0.9866,0.9979,1.0,1.0,1.0,0.9998,1.0,1.0,1.0,0.9997
0_TEMU0869113_1.jpg TEMU0869113  [0.9968] 0.9988,0.9999,1.0,1.0,0.9996,1.0,1.0,0.9987,1.0,0.9999,0.9999
1000_22G1.jpg 22G1  [1.0] 1.0,1.0,1.0,1.0
1000_42G1_201712141300003.jpg 42G1  [0.9997] 0.9997,1.0,1.0,1.0
1000_EXFU8908904_1.jpg SLZU8908904  [0.2424] 0.9894,0.4407,0.5579,1.0,0.9989,0.9999,1.0,0.9978,1.0,1.0,1.0
1000_WBPU7080487_1.jpg WBPU7080487  [0.9299] 0.9363,0.9946,0.9991,1.0,1.0,1.0,0.9997,1.0,1.0,0.9999,0.9999
1001_22G1.jpg 22G1  [0.9999] 1.0,0.9999,1.0,1.0
1001_EMCU1427777_201712141300004.jpg EMCU1427777  [0.9428] 0.9999,0.9439,0.9994,1.0,1.0,1.0,0.9999,1.0,1.0,0.9999,0.9997
